Webots Project File version R2021b
perspectives: 000000ff00000000fd00000003000000000000024900000534fc0100000002fb0000001e00480074006d006c0052006f0062006f007400570069006e0064006f00770000000000000002490000000000000000fb0000001a0044006f00630075006d0065006e0074006100740069006f006e0000000000ffffffff0000006900ffffff00000001000002af000004f9fc0200000001fb0000001400540065007800740045006400690074006f00720100000016000004f90000008900ffffff00000003000009b800000039fc0100000001fb0000001a0043006f006e0073006f006c00650041006c006c0041006c006c0100000000000009b80000006900ffffff00000707000004f900000001000000020000000100000008fc00000000
simulationViewPerspectives: 000000ff0000000100000002000001d3000005750100000002010000000100
sceneTreePerspectives: 000000ff0000000100000002000000c0000000fa0100000002010000000200
maximizedDockId: -1
centralWidgetVisible: 1
orthographicViewHeight: 1
textFiles: 0 "controllers/slam_robot_controller/slam_robot_controller.py"
consoles: Console:All:All
renderingDevicePerspectives: robot:left_camera;1;1;0;0.00727802
renderingDevicePerspectives: robot:right_camera;1;1;0.949772;0
